[sorcery_castle_anthrax]
floodcheck = on
maxducks = 6
spawntime = 120
flytime = 400
duckexp = 15
duckfear = 50
duckgold = 40
friendrate = 71
relays = 0
rules = 5,20,on,off,on,on,6^1,on
bedazzled = 0
soggy = 0
sabotage = 0
expl_ammo = 0
gun_grease = 0
trigger_lock = 0
sunglasses = 0
silencer = 0
lucky_charm = 0
accident_insurance = 0
rain_coat = 0
duck_bomb = 0
bread_lock = 0
popcorn = 0
confiscated = 0
disarmed = 0
bombed = 0
duck_jam = 0
jammed = 0
camping_permit = 0
camp_count = 0
illegal_camping = 0
fatigue = 0
hour = 22
day = 26
week = 17
month = 04
year = 2026
topstat = 8^7,8^7,57^30,57^30

[sorcery_castle_anthrax_ducks]
cache = 1
Neo`Nemesis = 6?5?12?5,7599,4207,5115916,57,5128639,83^1776380516.9449012,0,100?99.6?100,0.21,2586,0?12?2?3,2303
Testing = 6?3?7?3,1,0,415,1,200,0^1776788583.172874,0,75?79.9?80,28.16,0,12?12?3?3,0
ScifiSpirit = 9?5?10?5,419,254,26008,13,27292,35^1777214176.6684866,0,100?89.92?100,0.86,20,12?12?3?3,49
End3r = 6?3?7?3,1,0,150,1,200,6^1776449379.4105978,0,75?79.9?80,28.16,0,12?12?3?3,0
Neo_Nemesis = 3?2?12?5,7821,4256,5119508,57,5128639,0^1777258326.723408,0,100?76.05?100,0.21,2616,12?12?0?3,2347
BorisVII = 7?3?7?3,0,0,947,2,1085,0^1777092296.96663,0,75?49.2?80,6.03,0,12?12?3?3,20
ADMIRAL_HUBRIS = 1?3?7?3,1890,329,60187,31,61557,0^1776482713.4247882,0,90?90.67?95,0.15,33,12?12?3?3,0
yb = 7?3?7?3,0,0,122,1,200,35^1776462905.9269936,0,75?80?80,48.79,0,1194?12?3?3,9
KnownSyntax = 5?3?7?3,1,0,30,1,200,0^1772599673.4498873,0,75?79.8?80,157.37,0,11?12?3?3,1
Hubris2 = 4?3?7?3,2,0,29,1,200,1^1774671127.049957,0,75?79.7?80,447.7,0,12?12?3?3,0
Hubris = 4?3?7?3,12,2,294,2,1034,12^1776438201.569505,0,75?76.51?80,10.98,0,12?12?3?3,0
Test = 2?3?7?3,109,20,3832,6,4415,0^1776924624.153718,0,85?77.1?90,3.64,4,12?12?3?3,8