[rizon_testduck]
floodcheck = on
maxducks = 6
spawntime = 220
flytime = 200
duckexp = 15
duckfear = 50
duckgold = 40
friendrate = 71
relays = 0
rules = 5,15,on,on,on,on,9^1
bedazzled = 0
soggy = 0
sabotage = 0
expl_ammo = 0
gun_grease = 0
trigger_lock = 0
sunglasses = 0
silencer = 0
lucky_charm = 0
accident_insurance = 0
rain_coat = 0
duck_bomb = 0
bread_lock = 0
popcorn = 0
confiscated = 0
disarmed = 0
bombed = 0
duck_jam = 0
jammed = 0
camping_permit = 0
camp_count = 0
illegal_camping = 0
fatigue = 0
hour = 0
day = 0
week = 0
month = 0
year = 0
topstat = 33^5,33^5,35^5,35^5

[rizon_testduck_ducks]
cache = 1
Neo_Nemesis = 10?1?12?5,7839,4257,5117701,57,5128639,37^1777260364.2552326,0,100?97.39?100,0.21,2609,12?12?3?3,2362
ADMIRAL_HUBRIS = 7?3?7?3,2025,350,64373,33,66390,58^1777265733.2706325,0,90?92.83?95,0.15,37,12?12?3?3,0
ScifiSpirit = 1?3?7?3,110,21,3942,6,4415,18^1776594457.2433553,0,85?76.3?90,3.64,4,12?12?3?3,8
Hubris = 5?3?7?3,12,3,430,2,1034,16^1776600907.824959,0,75?75.73?80,10.98,0,12?12?3?3,0
Hubris2 = 4?3?7?3,2,0,29,1,200,1^1774671127.049957,0,75?79.7?80,447.7,0,12?12?3?3,0
KnownSyntax = 5?3?7?3,1,0,30,1,200,0^1772599673.4498873,0,75?79.8?80,157.37,0,11?12?3?3,1
yb = 7?3?7?3,0,0,297,1,200,6^1776654388.8330286,0,75?80?80,7.22,0,12?12?3?3,14
X34-HLK|HUBRIS = 5?3?7?3,2,0,36,1,200,12^1777250316.389445,0,75?79.8?80,5.48,0,12?12?3?3,0
